30 30
143050 1 1 0 1 1 1 1 0 0 1 1 0 1 0 1 1 1 0 1 1 1 1 1 1 1 0 0 0 1 1
459912 1 0 0 0 0 1 0 0 1 1 0 0 1 1 0 1 0 0 1 0 0 1 0 0 0 1 0 0 1 1
341045 0 0 0 0 0 0 0 1 1 1 0 0 1 0 0 0 0 0 1 1 0 1 0 1 0 0 0 1 1 1
3167 0 1 1 1 1 0 1 0 1 1 0 0 0 0 0 0 0 1 0 0 0 0 1 0 1 1 1 0 1 1
547770 1 1 0 0 0 1 0 0 1 0 1 1 1 1 1 0 0 0 0 1 0 1 0 0 1 1 0 1 0 0
674951 1 0 0 1 1 0 0 0 1 0 1 1 1 1 0 0 1 1 1 1 0 1 0 0 1 1 1 1 1 0
581495 1 0 1 0 1 0 1 0 0 1 0 1 0 0 1 0 0 1 0 1 1 0 1 0 0 0 0 1 1 0
735365 0 1 0 1 0 1 1 0 0 1 0 0 0 1 0 0 1 1 0 0 1 1 0 0 1 1 1 1 0 1
85470 0 1 1 1 0 1 0 1 0 0 0 0 0 0 0 1 1 1 0 1 0 0 1 1 0 0 0 1 1 1
59589 0 0 1 1 1 0 1 0 1 0 0 1 0 1 0 1 1 0 1 0 0 1 0 0 0 1 1 0 1 1
767094 0 1 0 1 1 0 0 0 1 1 0 1 1 0 0 1 0 0 1 1 0 1 0 0 1 1 1 1 0 0
971793 0 1 1 1 1 1 0 1 1 1 0 0 1 0 0 1 0 0 0 1 1 1 0 0 1 0 0 1 0 1
773059 0 0 0 1 1 0 0 1 0 0 1 0 1 1 1 1 1 0 1 1 0 1 1 0 0 0 1 1 0 0
286283 0 1 1 0 0 0 0 1 0 1 0 1 1 0 0 1 1 0 0 1 0 0 0 0 1 1 1 1 0 0
825102 1 1 1 0 0 1 1 1 1 1 1 1 0 1 1 0 1 0 0 0 0 0 0 1 1 0 0 1 1 1
401490 0 1 0 0 1 1 1 0 0 0 1 1 1 1 0 1 1 1 0 0 1 0 1 0 1 1 0 0 0 1
939218 0 0 1 1 0 1 1 0 0 1 1 0 1 0 0 1 1 0 0 1 1 1 1 0 0 1 1 1 0 0
993788 0 0 1 1 1 1 0 0 1 0 1 0 0 0 0 1 0 0 0 0 0 0 0 1 0 0 1 1 0 1
460405 0 1 0 1 0 0 1 1 1 1 0 0 1 1 0 0 1 1 1 0 1 1 0 1 1 1 1 0 0 0
830966 1 0 1 0 1 1 0 1 1 0 0 1 0 1 1 0 0 0 1 1 0 1 0 1 1 1 1 1 0 0
399163 1 0 1 1 0 0 0 0 1 1 0 1 1 0 0 1 0 0 0 0 1 1 0 1 0 1 0 0 1 0
864334 1 1 1 0 0 1 1 0 1 1 0 0 0 1 0 1 0 1 0 1 0 0 0 1 0 1 0 0 0 0
569869 1 0 0 1 0 1 0 0 1 1 0 0 0 0 1 1 1 1 1 0 0 0 0 1 1 1 0 1 1 1
460539 0 0 1 0 0 0 1 1 1 1 1 0 0 1 1 1 1 1 0 1 1 1 1 0 1 0 0 0 0 1
670926 1 0 0 1 0 0 0 0 0 0 0 1 1 0 0 0 0 1 1 1 1 1 1 0 1 0 1 0 1 0
163040 0 1 0 0 0 0 1 1 1 0 1 0 0 1 1 0 1 0 1 0 0 1 1 0 1 0 1 1 0 0
122093 1 1 1 1 0 1 0 1 0 0 1 0 1 1 0 0 1 1 0 1 0 1 0 1 0 0 0 1 1 0
963042 1 1 0 0 0 0 0 1 0 0 1 1 1 1 0 1 0 1 0 0 0 1 1 0 0 0 0 1 1 1
15127 0 1 0 0 0 0 1 0 1 1 0 0 1 0 1 1 0 1 1 0 1 0 0 0 1 0 1 1 0 1
644350 1 0 1 0 0 0 1 1 1 1 0 0 1 0 1 1 1 0 0 0 1 0 1 1 0 0 0 0 1 0