30 30
1 1 1 0 1 1 1 1 0 0 1 1 0 1 0 1 1 1 0 1 1 1 1 1 1 1 0 0 0 1 1
1 1 0 0 0 0 1 0 0 1 1 0 0 1 1 0 1 0 0 1 0 0 1 0 0 0 1 0 0 1 1
1 0 0 0 0 0 0 0 1 1 1 0 0 1 0 0 0 0 0 1 1 0 1 0 1 0 0 0 1 1 1
1 0 1 1 1 1 0 1 0 1 1 0 0 0 0 0 0 0 1 0 0 0 0 1 0 1 1 1 0 1 1
1 1 1 0 0 0 1 0 0 1 0 1 1 1 1 1 0 0 0 0 1 0 1 0 0 1 1 0 1 0 0
1 1 0 0 1 1 0 0 0 1 0 1 1 1 1 0 0 1 1 1 1 0 1 0 0 1 1 1 1 1 0
1 1 0 1 0 1 0 1 0 0 1 0 1 0 0 1 0 0 1 0 1 1 0 1 0 0 0 0 1 1 0
1 0 1 0 1 0 1 1 0 0 1 0 0 0 1 0 0 1 1 0 0 1 1 0 0 1 1 1 1 0 1
1 0 1 1 1 0 1 0 1 0 0 0 0 0 0 0 1 1 1 0 1 0 0 1 1 0 0 0 1 1 1
1 0 0 1 1 1 0 1 0 1 0 0 1 0 1 0 1 1 0 1 0 0 1 0 0 0 1 1 0 1 1
1 0 1 0 1 1 0 0 0 1 1 0 1 1 0 0 1 0 0 1 1 0 1 0 0 1 1 1 1 0 0
1 0 1 1 1 1 1 0 1 1 1 0 0 1 0 0 1 0 0 0 1 1 1 0 0 1 0 0 1 0 1
1 0 0 0 1 1 0 0 1 0 0 1 0 1 1 1 1 1 0 1 1 0 1 1 0 0 0 1 1 0 0
1 0 1 1 0 0 0 0 1 0 1 0 1 1 0 0 1 1 0 0 1 0 0 0 0 1 1 1 1 0 0
1 1 1 1 0 0 1 1 1 1 1 1 1 0 1 1 0 1 0 0 0 0 0 0 1 1 0 0 1 1 1
1 0 1 0 0 1 1 1 0 0 0 1 1 1 1 0 1 1 1 0 0 1 0 1 0 1 1 0 0 0 1
1 0 0 1 1 0 1 1 0 0 1 1 0 1 0 0 1 1 0 0 1 1 1 1 0 0 1 1 1 0 0
1 0 0 1 1 1 1 0 0 1 0 1 0 0 0 0 1 0 0 0 0 0 0 0 1 0 0 1 1 0 1
1 0 1 0 1 0 0 1 1 1 1 0 0 1 1 0 0 1 1 1 0 1 1 0 1 1 1 1 0 0 0
1 1 0 1 0 1 1 0 1 1 0 0 1 0 1 1 0 0 0 1 1 0 1 0 1 1 1 1 1 0 0
1 1 0 1 1 0 0 0 0 1 1 0 1 1 0 0 1 0 0 0 0 1 1 0 1 0 1 0 0 1 0
1 1 1 1 0 0 1 1 0 1 1 0 0 0 1 0 1 0 1 0 1 0 0 0 1 0 1 0 0 0 0
1 1 0 0 1 0 1 0 0 1 1 0 0 0 0 1 1 1 1 1 0 0 0 0 1 1 1 0 1 1 1
1 0 0 1 0 0 0 1 1 1 1 1 0 0 1 1 1 1 1 0 1 1 1 1 0 1 0 0 0 0 1
1 1 0 0 1 0 0 0 0 0 0 0 1 1 0 0 0 0 1 1 1 1 1 1 0 1 0 1 0 1 0
1 0 1 0 0 0 0 1 1 1 0 1 0 0 1 1 0 1 0 1 0 0 1 1 0 1 0 1 1 0 0
1 1 1 1 1 0 1 0 1 0 0 1 0 1 1 0 0 1 1 0 1 0 1 0 1 0 0 0 1 1 0
1 1 1 0 0 0 0 0 1 0 0 1 1 1 1 0 1 0 1 0 0 0 1 1 0 0 0 0 1 1 1
1000000 0 1 0 0 0 0 1 0 1 1 0 0 1 0 1 1 0 1 1 0 1 0 0 0 1 0 1 1 0 1
1 1 0 1 0 0 0 1 1 1 1 0 0 1 0 1 1 1 0 0 0 1 0 1 1 0 0 0 0 1 0
